,AAL,ALLE,AME,APH,AYI,BA,CAT,CHRW,CMI,COL,CSX,CTAS,DAL,DE,DHR,DNB,DOV,EMR,ETN,EXPD,FAST,FDX,FLIR,FLR,FLS,GD,GE,GLW,GWW,HON,IR,IRM,ITW,JBHT,JEC,KSU,LEG,LLL,LMT,LUV,MAS,MMM,NLSN,NOC,NSC,PBI,PCAR,PH,PNR,PWR,R,RHI,ROK,ROP,RSG,RTN,SRCL,TXT,TYC,UAL,UNP,UPS,URI,UTX,VRSK,WM,XYL
AAL,1.0,-0.0375023296621,-0.0660040929464,0.0408603256507,0.00777426405427,-0.000807192008767,0.0067133463812,-0.00677953062099,-0.0217315390924,0.0667986726483,0.0505664657525,-0.0216422711479,0.0152299522404,0.0767385133464,-0.132516894811,-0.129064534063,-0.0117244546369,-0.0381797470205,0.0199030027983,0.0240338283745,-0.0248586507252,0.0220045605153,-0.00900823879067,0.0119284646654,-0.0252729034001,0.0267122916683,-0.0229753627731,-0.0628291152012,0.00656250978506,0.0202410309889,0.00289528616245,0.0532626043281,-0.0456492797376,0.0103397951424,-0.00283318053728,0.0108747524662,0.0452110144267,-0.0336520760514,-0.133529914893,-2.61434752053e-05,0.00200223732323,0.022272275711,0.0024712065438,-0.036276893296,-0.0235135431205,-0.000312541208573,0.0683947838563,0.0350601195976,0.0160252222647,-0.0109867035903,0.000530698040697,-0.125319366105,-0.0262066221374,-0.034225970141,-0.0326013537121,-0.0141384017336,-0.00360560442841,-0.0251031949928,0.0706354320997,-0.00677586000252,0.00713070065558,0.0154006797188,0.0262547114546,-0.0123848782004,0.0196302882204,-0.0158043828548,0.00152588350846
ALLE,-0.0375023296621,1.0,0.0600876353477,-0.0465318800078,0.0497644672175,-0.0535146056201,-0.184442630689,0.000559645503696,-0.0171287529208,0.108237685378,-0.124418374269,-0.0523296178833,0.00589329503891,-0.0921742856573,0.0403605441521,0.0198239037577,-0.0165504475199,-0.00285137248311,0.0627790267309,0.119815114845,-0.0874170840979,-0.136204245926,-0.0343242193138,-0.0599086327792,-0.0776495387841,0.0371029418617,-0.00618467248574,-0.0317685763954,-0.0598894808765,-0.0416355924484,0.123318644225,-0.007186643163,0.00340379107646,-0.00358653860921,0.00138430162939,0.100121309892,0.0360410238027,0.227080905019,0.128738906727,0.375412087266,-0.0314970637309,-0.0898243121527,0.238718003075,-0.0323577977679,0.230668807844,0.0536521063215,-0.323257181849,0.0467910227864,0.0408088415555,-0.0171816004437,-0.0240315151899,0.0932281610787,0.0694193082798,0.00777729780562,-0.00485298754086,0.0154882516293,-0.0310445733438,0.0253286232392,0.0664277166387,0.0976915325865,-0.11454317634,-0.0631552493652,-0.1005726649,0.141085944258,-0.0219415645289,0.056471365687,-0.0407210198996
AME,-0.0660040929464,0.0600876353477,1.0,-0.0187247596747,-0.0130801644471,0.0730818182784,0.0310056391587,-0.0463715037401,0.0323127374791,0.0766832775038,0.0329771874446,-0.0961394369571,0.0137911286622,0.0968284059222,0.125404448637,0.314186376806,-0.0309133133532,0.0434863261076,-0.0344353543418,0.00602407837472,0.0447183955912,-2.59252441715e-06,-0.0912278836566,0.0500695625692,0.0455014951445,-0.0296844501579,0.124148426929,-0.0530267226547,0.0581023795911,0.050615688729,0.0313810288801,0.0590053526379,-0.0458937393754,-0.0149989008555,-0.0518415554059,0.0680185913237,-0.00664196867593,0.0401482384983,0.369391016288,0.145198576515,0.0196275776135,0.0327423925953,0.195182664218,-0.0570853910328,-0.0126790883441,0.00466857651996,-0.163007586801,0.0852881821815,0.00666526096664,0.00356023597061,-0.0511537880349,0.0202073044444,0.0430907650833,0.0281226982305,0.0512225874699,-0.0279523149249,0.00814726637781,-0.0302074081878,-0.0197356605487,0.000830353726965,0.0449168913364,-0.0107832713432,0.0314151125951,-0.0345489343577,0.0291471898471,0.0122692202155,-0.0437292857733
APH,0.0408603256507,-0.0465318800078,-0.0187247596747,1.0,-0.0532342245884,0.00973457295257,-0.0871763978366,-0.0249105796576,0.0513085935956,-0.05212758741,-0.0384908218161,-0.177647032788,-0.0566848817715,-0.0786990609799,-0.0452348273299,-0.0366143593502,-0.0272402449389,-0.0490901701182,0.105525342239,0.0454335573531,0.0621849869574,0.055658144378,0.020440713191,0.0345444602132,0.00417644130463,-0.0415253642139,0.116824120128,-0.0270592736215,-0.0287827070955,0.00500693943628,0.0342916085902,0.0348544530076,0.0611756601712,-0.00435497805678,0.047919489424,-0.00593339139558,0.029469927781,0.0706957898221,-0.0953050111006,0.0105826311436,0.0865658279751,-0.0654720656403,-0.0717247878278,0.0642765395179,0.106437239858,-0.0449498489733,-0.00447234472362,0.109483839906,0.128488086887,0.0345839120425,0.0254589175745,-0.0866309559275,0.00192158904357,-0.087893207824,-0.0665861434638,-0.148176217993,-0.0501204410408,0.0387349165177,0.0431738566268,0.0197482346109,0.0303048675854,-0.023247971443,-0.1144075308,0.0304946423593,-0.0144053916367,0.0207885058272,-0.0682003822438
AYI,0.00777426405427,0.0497644672175,-0.0130801644471,-0.0532342245884,1.0,0.0513638455291,0.00902155051061,-0.000554850353076,0.0386355638875,0.0790416964847,0.0272696144231,-0.0201457300115,-0.0674508650442,-0.113423846813,-0.0482825009912,-0.0686941805451,0.0153160823127,-0.0886582304764,0.0353219437424,0.0446405421852,0.00695759534891,-0.0285124528707,0.14452741166,-0.085460827638,-0.0239047081709,0.21363030034,-0.0600581727634,0.130504461839,-0.0413873634837,0.0216906507532,0.118803478373,0.0308559091808,-0.0270908917287,-0.0222333032016,-0.00630047379965,-0.066347430843,0.0454508005099,0.0569611463076,0.0322858444772,0.0591209074372,-0.0380931472368,0.085840647155,0.0753046462478,-0.0946150663862,0.0397912049391,0.165358563261,0.0605629102011,-0.00239179765136,-0.138784908459,-0.0519784415846,-0.0566678089152,0.0203440273401,-0.0265911338242,-0.102789446112,-0.0472363017841,0.0235477163011,-0.0206484366954,-0.128694026985,-0.0399304649488,0.0845217628323,0.0557427770396,0.0199439119109,-0.041869728294,0.00883503773029,-0.0324617889496,-0.00179783303085,-0.0350313664062
BA,-0.000807192008767,-0.0535146056201,0.0730818182784,0.00973457295257,0.0513638455291,1.0,0.133796911957,0.0097178037102,0.00161590206609,-0.000162962130585,0.0798993791113,0.267880029629,-0.00840428268297,0.0873648751819,0.0264827741475,0.0300322882765,0.0209510123345,0.111021228533,0.0223517388404,0.0193539776714,0.0395838715484,0.0117247736962,-0.0448446538713,-0.0936707597065,0.532910198459,0.0228192594329,-0.0131794197318,-0.0196372602573,0.0704485714244,-0.0336225919696,0.0386991086703,-0.00565700611459,0.0236544108682,0.0180618654015,-0.0225804977244,0.0152950662837,-0.190315005658,0.030312126724,-0.0093786908672,-0.00775173247614,-0.055305031554,-0.00459207355533,0.0226949617721,-0.0709226639452,-0.00257068847213,-0.0185685901995,0.064196403413,0.0295875056336,-0.048870794383,-0.0874653714025,0.111806051239,-0.0204772099407,0.00176999418658,0.00121689333361,-0.00403497387123,-0.0233541462393,0.01266633692,-0.00827591098726,0.121445371167,0.0149610741162,0.0263332545156,-0.0110556807884,-0.0171604755605,-0.0840493852886,0.0554484697039,-0.0940949326632,0.0297498048673
CAT,0.0067133463812,-0.184442630689,0.0310056391587,-0.0871763978366,0.00902155051061,0.133796911957,1.0,-0.0112141038654,0.0348053264685,-4.17967313967e-05,0.0673927526211,0.109600936925,-0.012164734432,0.0411765672826,0.0186863791651,0.0309062891967,-0.0317265329002,0.0622444693156,0.00745405117919,0.00596510234921,0.0809893523667,0.00260972524399,0.0238126256392,0.0120848181302,0.150311139236,0.00790625031344,-0.00177776058584,0.0180280600173,0.0239664449387,0.010897553952,-0.1285058206,0.00384254224699,-0.0617088583364,0.0600532998788,0.132792609862,-0.0443065072989,-0.136497217138,-0.213825445164,-0.0435219260841,0.00188645770547,-0.0307180793632,0.316745950161,0.0916532956791,-0.030699978132,-0.312128814955,-0.0367501575935,0.0170275796406,-0.20490187018,-0.193333063692,-0.0528346079178,-0.00226899917989,0.0189053656302,0.0225281585494,0.0433349622826,-0.0540271392175,0.00113528929887,-0.0577737889248,0.0362828038218,0.0292001277441,-0.0406716683067,0.00957832274689,-0.0152186443413,-0.0306922031872,-0.014234444763,-0.0155589801679,0.0139172540702,0.0153492894568
CHRW,-0.00677953062099,0.000559645503696,-0.0463715037401,-0.0249105796576,-0.000554850353076,0.0097178037102,-0.0112141038654,1.0,-0.00830562202816,0.0251189283348,-0.00909359316443,0.00155663620648,-0.00128736728627,0.101690661789,0.0104374457631,-0.055590780336,0.0155818613513,-0.0277426314019,-0.00519057519999,-0.0512146360919,-0.00485032038012,-0.0527272230043,0.197841352259,0.041140599505,0.00741799205007,0.00588024246442,-0.00966107804964,-0.135500091179,-0.115800081185,-0.0164925605438,-0.00233387811498,-0.0125440949969,-0.0115637265111,-0.0383289911947,0.00386853266619,-0.111521292799,-0.0885389897704,0.0200173016069,-0.00427435355474,0.0139610898978,-0.0237363332631,-0.00185453030103,-0.0614931824111,-0.000828488232663,0.00484851297526,-0.0247151409658,0.0119379703358,-0.103402069043,-0.0220923729671,-0.0268511608802,-0.012532810582,0.00509933271337,-0.00355888394824,0.119100075982,-0.0220687675719,-0.0429525609037,0.0295016707144,-0.000156378610886,-0.0168986522723,-0.00334588613372,0.0358235919614,-0.0430562020483,0.00265611169276,-0.00328803866852,0.111575225613,-0.033179573709,0.0224738483261
CMI,-0.0217315390924,-0.0171287529208,0.0323127374791,0.0513085935956,0.0386355638875,0.00161590206609,0.0348053264685,-0.00830562202816,1.0,0.00643903419082,0.0239163521501,0.0450304940965,-0.0110940595267,0.034401770313,-0.0613448808469,0.0775951134135,0.0111795006053,0.0495728947864,-0.0909972430668,-0.00441391700287,-0.0589717115585,-0.000165198446277,0.0675263047328,-0.00808086643686,-0.0152399083539,0.017464409794,0.0102620164797,-0.0186370812944,-0.0101057126777,0.264326833098,-0.0268801038116,-0.0587435303722,0.0100291695036,0.00613055484363,0.0441318348755,0.0373267732947,0.0146484992582,-0.0191362470747,-0.00193159646567,0.0261308308782,-0.0512773457438,0.00890993559344,5.46599287393e-05,-0.027406996209,-0.0228161851414,-0.0130850207562,0.00930211953233,0.169647881813,0.0273326336323,0.000145211037304,0.00903903115699,-0.018249218079,0.0629430069439,-0.00376280789305,-0.0717205386389,0.000837360633517,0.0268716671605,-0.0133210075699,-0.0119754896487,-0.00313322398824,0.0263226098746,0.101355540093,0.0106765312768,0.0050302320664,0.0115389437909,-0.0137405171126,0.023416212759
COL,0.0667986726483,0.108237685378,0.0766832775038,-0.05212758741,0.0790416964847,-0.000162962130585,-4.17967313967e-05,0.0251189283348,0.00643903419082,1.0,0.0328111901663,-0.0524663135876,0.0743075229556,0.0475076193458,0.0143196230764,0.077530600496,-0.0167027219148,-0.0171679334908,-0.0140642128029,0.0272263424219,0.0752029500893,-0.0683428630666,-0.163194239574,0.0917796119561,-0.0154255503496,0.0084509893347,0.00951956823409,0.0242352069265,0.18523665062,0.0321104310356,0.00854231307915,0.0940249713415,0.0325167811093,0.142698301636,-0.0138672724029,-0.0440560071262,0.100119652599,0.0144919745185,0.0711179043324,0.0066143636285,0.0260808540284,-0.0203912361563,0.00139584608645,0.0306707312719,-0.0283373408546,-0.00500668281732,-0.218442502909,0.0148896647287,-0.0172009525372,-0.0195291338926,0.0119102568389,0.0821871664446,-0.0224464842684,0.00402912314085,0.00813116794927,0.2155890842,0.0752292182862,-0.1839860886,-0.053056829771,0.00198790694703,0.02851177897,0.194340872352,-0.00569333904928,-0.0183568090514,0.003107627315,0.0190970305494,0.00883178979508
CSX,0.0505664657525,-0.124418374269,0.0329771874446,-0.0384908218161,0.0272696144231,0.0798993791113,0.0673927526211,-0.00909359316443,0.0239163521501,0.0328111901663,1.0,0.0214356823783,0.00080449090492,0.0166849137766,-0.0401603555434,0.0255665398157,0.0321739351873,0.0791573172339,-0.0207161883429,0.130525202389,0.200968259041,0.162074630832,0.0532013261721,0.0851220428033,0.13786897424,-0.0698005106546,-0.0269825561333,0.053526142638,0.019496830961,0.0814102024903,0.00772943110489,0.0115025817282,0.106762470793,0.0417310028548,0.0511689544663,0.0322302155238,-0.00849217243376,-0.0256522583288,0.0556832712427,-0.173548480469,0.0805481280224,0.0975793516966,0.0037323341916,-0.173247356072,-0.0692165151683,0.046192799214,0.102260760669,-0.0302478279845,-0.077430374562,-0.022357438939,0.10858842074,-0.0684453145155,-0.00134856627292,0.00323062457253,-0.025771896981,0.0468992168067,-0.0113492828279,-0.0140437973944,0.0295679735449,0.00341242512866,0.0623891832584,0.0342225999669,0.0222866932907,-0.138580794095,0.0236029234304,0.0179883106261,0.00180475159234
CTAS,-0.0216422711479,-0.0523296178833,-0.0961394369571,-0.177647032788,-0.0201457300115,0.267880029629,0.109600936925,0.00155663620648,0.0450304940965,-0.0524663135876,0.0214356823783,1.0,0.00552033159776,0.038044809131,-0.0208587578471,0.0296475754514,-0.0430978134906,-0.0558803574766,-0.00559360317891,-0.00936693930308,-0.166877358656,0.0324246221134,0.0262185687208,0.016361682442,0.401185738571,-0.0753237085018,-0.165318147789,0.013056931402,-0.156690960997,0.0164970920727,0.0295284040781,0.0162297355843,0.0348506097767,0.00262501998968,-0.0760755949048,-0.0417461572609,-0.170480987185,0.012422324871,-0.0047164159285,0.013007914745,0.0538487768953,-0.112077676055,-0.00950219019266,0.0159021971806,-0.0186177321878,-0.0357074345773,0.0279896818245,-0.0460151104267,-0.00887530947342,-0.0779267726772,0.0078413514873,0.0314172011911,0.0123413028489,0.0145461947281,0.002443518788,0.0411727445464,-0.0365414360371,0.0495794473564,0.0191553401267,-0.00583287278581,0.0153844078674,-0.0010193007849,-0.00401730884579,-0.0577269206087,0.00689224780413,-0.0137368993219,0.0772492379755
DAL,0.0152299522404,0.00589329503891,0.0137911286622,-0.0566848817715,-0.0674508650442,-0.00840428268297,-0.012164734432,-0.00128736728627,-0.0110940595267,0.0743075229556,0.00080449090492,0.00552033159776,1.0,-0.00822836009458,0.0067178826711,0.0121341799396,-0.013253579469,0.0154066458955,-0.0298135329056,-0.0361303930911,0.0164045988377,-0.0545077930901,-0.0264818184697,0.0182732273906,-0.00270885970111,-0.0584940981717,-0.0458145350766,0.0157733670426,-0.0257734220901,0.0404762735065,-0.0015937128392,0.0131789021032,0.0613806446835,-0.000469816390455,-0.0176794523823,0.00487980685679,0.0671185213823,0.0447741561707,0.000587243790769,-0.0290079308447,-0.014403288621,0.0204142900619,-0.0413688490977,0.0207827075797,0.0134839448171,0.0176948705249,-0.0912906177939,0.00907375823357,0.025914558569,-0.0250106972288,-0.0308072597967,0.0161696043359,-0.0829657730186,-0.0185871556754,0.0201180516636,-0.00672583559056,-0.0040725426796,-0.00976314126626,0.0931454296617,-0.00445537026296,0.173127341314,0.0173752945626,-0.0100653343556,-0.0107012669716,0.00667875860426,0.0190029210373,0.0185856164131
DE,0.0767385133464,-0.0921742856573,0.0968284059222,-0.0786990609799,-0.113423846813,0.0873648751819,0.0411765672826,0.101690661789,0.034401770313,0.0475076193458,0.0166849137766,0.038044809131,-0.00822836009458,1.0,0.00170859995619,-0.0286501668023,0.0180604352939,0.064411198629,-0.0274842244565,-0.0640672124476,0.0446439123892,-0.0351537467789,-0.0252260870002,0.0116229793267,0.0437749567447,-0.0329003597385,-0.0864147859679,0.0128540802752,0.00930172666858,0.0890349980519,0.0809608330593,-0.27434511357,-0.33520749417,-0.0614242096724,-0.0614140069915,-0.124445076732,-0.0434794108933,-0.0711601899544,-0.06520157148,-0.0486374923993,-0.0423737792964,-0.0474946670609,0.0237760856922,-0.0898123951738,-0.217230982294,0.000643410586,0.0322212385953,0.0706643486122,0.0892258506008,0.0328407021158,-0.110062667205,-0.0628125117664,0.00779730155897,0.0688323412681,-0.0132151917928,0.134555037645,-0.0107413582918,-0.0414483785001,0.00554672125544,-0.007092494846,0.025705218626,0.0731283603538,0.0227983420213,-0.0463150247945,0.0186205493552,-0.016297657698,0.0164865266473
DHR,-0.132516894811,0.0403605441521,0.125404448637,-0.0452348273299,-0.0482825009912,0.0264827741475,0.0186863791651,0.0104374457631,-0.0613448808469,0.0143196230764,-0.0401603555434,-0.0208587578471,0.0067178826711,0.00170859995619,1.0,0.144889118764,-0.102824198091,0.0421824721314,-0.0307860770145,0.0103585746858,0.0260947675693,-0.011623059846,-0.0939391971784,0.0285312708876,-0.00657234554501,0.0427364692679,0.073020426017,0.054697659377,0.0355874045412,-0.181535503347,-0.0548398395203,0.0357268659332,-0.0124004897473,-0.0185847346872,0.0133191568322,-0.0479732892021,-0.0335483243792,-0.0451511165065,0.128297648062,0.0940261372508,0.0187229719839,-0.023607930702,0.0272079809602,-0.00991349563972,0.0563697243376,-0.0377582427962,-0.138081502267,-0.0516445076159,0.00119363278874,0.0581090230458,-0.0240432310897,-0.0468054016727,-0.0122274098864,0.0220536585496,0.0713176772665,0.0365887981503,0.0517587128106,-0.166118466624,0.0207231713992,-0.0260610212357,0.00734539180551,-0.0834744202509,0.00740007898746,0.042287620973,0.160550162291,0.219658397575,-0.000811103517346
DNB,-0.129064534063,0.0198239037577,0.314186376806,-0.0366143593502,-0.0686941805451,0.0300322882765,0.0309062891967,-0.055590780336,0.0775951134135,0.077530600496,0.0255665398157,0.0296475754514,0.0121341799396,-0.0286501668023,0.144889118764,1.0,-0.101840476743,-0.0103542767411,-0.0169090164157,-0.00965593370292,-0.0177913464385,0.0269266545362,0.0157102946359,0.00173231728133,0.0596950530795,-0.0202766078898,-0.00960437277224,-0.03184936475,0.0253155158483,-0.0303205316977,0.0120506570599,-0.0332343177013,-0.00448710245682,0.0457254045033,0.0377642786992,-0.0171584861352,0.0684653214624,-0.0630810508792,0.493122787365,-0.0367015570925,-0.00536273996845,0.0351137018222,0.0251373512759,-0.00413704360098,-0.0189440596868,-0.0447983192672,-0.20643240214,0.00121027413433,0.041586365864,-0.0169065213027,0.0340343386508,-0.0361763773199,-0.0263157095429,0.017258212962,-0.00831472645656,0.0322073681594,-0.0201323522385,0.0294302012,-0.0313409017094,-0.0111822637199,0.00271855401052,-0.0185915511697,0.0236020769606,-0.0160034634511,0.0221756772704,0.0194493521273,0.012166488516
DOV,-0.0117244546369,-0.0165504475199,-0.0309133133532,-0.0272402449389,0.0153160823127,0.0209510123345,-0.0317265329002,0.0155818613513,0.0111795006053,-0.0167027219148,0.0321739351873,-0.0430978134906,-0.013253579469,0.0180604352939,-0.102824198091,-0.101840476743,1.0,0.0237022461825,-0.0339583340762,0.0671065682365,0.00673980177112,-0.0252610442542,0.00472910912495,-0.0828651255303,-5.45573907945e-05,-0.0599161102474,-0.373787153664,-0.0405148778545,-0.05691277298,0.190190026366,0.0915729113262,-0.13217650227,0.0149495986817,0.11911004747,-0.115844873153,0.0351412883605,-0.0948508396848,-0.0446029598994,-0.146010071263,-0.000387502986968,-0.00649180237099,-0.0220005495318,0.00887777508144,0.0146404087423,0.0190558207673,0.0513659251503,-0.0393306023855,-0.0112393755389,-0.015235738511,-0.231405471375,0.0147219378464,0.0054144241161,-0.0118679364298,-0.0381692651396,-0.0418824256389,-0.0157082308149,0.166979066148,-0.0069350052716,-0.00164749813279,0.030939218874,0.0482665213111,0.280882086366,0.0150929106872,0.026123547878,0.100520015408,0.107041525468,-0.0302641577742
EMR,-0.0381797470205,-0.00285137248311,0.0434863261076,-0.0490901701182,-0.0886582304764,0.111021228533,0.0622444693156,-0.0277426314019,0.0495728947864,-0.0171679334908,0.0791573172339,-0.0558803574766,0.0154066458955,0.064411198629,0.0421824721314,-0.0103542767411,0.0237022461825,1.0,0.121399184475,0.146089317495,0.114126689159,0.042612780907,0.0432007479205,0.0252147051208,0.0225733971834,-0.131398244062,-0.000391899328347,0.0908919340065,-0.00241797070365,0.163829565243,0.00652796580262,-0.0724196351443,0.119137816254,-0.0691400731309,-0.0535835705147,-0.0089340612069,-0.0202407424677,-0.0268068741092,-0.0629893926939,0.0292250154198,-0.181901583794,0.103161011378,0.135700336957,-0.0227053574839,-0.0362990200216,-0.0168278080964,0.0443740726989,0.161395247569,0.109260582143,0.0127411121191,-0.0474299338296,0.0624702901233,0.121684731263,0.0141244089388,-0.00230069391191,0.0138870259827,-0.0466986956777,0.101945511589,0.0482625741921,-0.0191170201205,-0.0253343717647,0.144439528169,-0.0976277475545,0.068510036204,-0.0087250178906,-0.0836563612961,0.143656108271
ETN,0.0199030027983,0.0627790267309,-0.0344353543418,0.105525342239,0.0353219437424,0.0223517388404,0.00745405117919,-0.00519057519999,-0.0909972430668,-0.0140642128029,-0.0207161883429,-0.00559360317891,-0.0298135329056,-0.0274842244565,-0.0307860770145,-0.0169090164157,-0.0339583340762,0.121399184475,1.0,0.273007122835,-0.097047435475,-0.104917783507,-0.026448958158,-0.147027882281,0.0116021476396,0.027604695225,0.0234944098932,0.0486271827074,-0.00333835964513,-0.0245587316944,-0.0957757885522,0.02422674408,0.0516880493257,0.0912975699827,-0.0306604713453,0.00293862047404,-0.0107132722421,-0.030424368184,-0.0525651109269,0.0192561686411,0.00750663404538,-0.020598427411,0.0262954007522,-0.0702436255353,-0.0141225372799,-0.00646189414385,-0.0207373516728,-0.0237724722443,-0.0355502265517,0.0237842204897,0.014558571754,-0.0380698607025,0.30594309575,0.0210066233994,-0.0143616760669,-0.0582141415984,9.11201801302e-05,0.109282087311,0.0134304953214,0.0130936890418,0.0239653338762,-0.0510133250939,-0.536564086445,-0.00598604431076,0.00818562952674,-0.0267674953649,0.0115579438009
EXPD,0.0240338283745,0.119815114845,0.00602407837472,0.0454335573531,0.0446405421852,0.0193539776714,0.00596510234921,-0.0512146360919,-0.00441391700287,0.0272263424219,0.130525202389,-0.00936693930308,-0.0361303930911,-0.0640672124476,0.0103585746858,-0.00965593370292,0.0671065682365,0.146089317495,0.273007122835,1.0,-0.0472561639094,0.132702320537,-0.0271722599467,0.0794141494405,0.00937226100472,0.0260007470983,-0.0180734989505,0.0257472330057,-0.0200892442457,0.0142941427497,0.0410411743888,0.00923542424353,0.0480404006549,0.0273714347148,0.0372767233189,0.0312403959708,-0.112806318918,0.0494118285937,0.00825707610547,0.0771658935905,0.0538610818281,0.0167669558375,0.0758661050453,-0.0956114338571,0.00203722846494,-0.0320795826856,-0.0393387367684,-0.0308948951132,-0.104557991471,-0.0343186779266,-0.00845304503515,0.0258072149858,0.0246035859899,0.010395968956,0.0235516199298,0.0512754095672,0.0925427373508,0.0230499074514,0.00938689068887,0.0705640739763,0.0193824224053,-0.0125666666539,-0.0350416527778,-0.0182818836837,-0.0963678262301,0.0820876287075,0.0419927039696
FAST,-0.0248586507252,-0.0874170840979,0.0447183955912,0.0621849869574,0.00695759534891,0.0395838715484,0.0809893523667,-0.00485032038012,-0.0589717115585,0.0752029500893,0.200968259041,-0.166877358656,0.0164045988377,0.0446439123892,0.0260947675693,-0.0177913464385,0.00673980177112,0.114126689159,-0.097047435475,-0.0472561639094,1.0,0.188388484479,0.139739194482,0.373085124631,0.000832183975144,0.0213161792914,-0.00502177943239,-0.0214124565111,-0.0835773030753,-0.0761426599247,0.0915237397689,0.0136014352025,-0.0445484940182,-0.106816256863,-0.0520797611306,0.0103419378697,0.0177603912623,0.0382045744134,0.063872934812,-0.082358345642,-0.0345076910961,0.0589254202006,0.0975849316793,0.0171728701301,-0.0149506943472,0.0137406413808,0.0668098545757,-0.1299151094,0.0363502261063,0.0146973080594,0.042327721265,0.000773603829168,-0.0209088363236,0.00505801225573,-0.0305333934399,0.0629622813521,-0.145573545141,0.0274956927698,-0.112415677701,-0.0143108353608,0.0346250062183,0.0142139687732,-0.019255780774,-0.0783540701104,0.0237782665192,0.000311055145722,-0.0679636355241
FDX,0.0220045605153,-0.136204245926,-2.59252441715e-06,0.055658144378,-0.0285124528707,0.0117247736962,0.00260972524399,-0.0527272230043,-0.000165198446277,-0.0683428630666,0.162074630832,0.0324246221134,-0.0545077930901,-0.0351537467789,-0.011623059846,0.0269266545362,-0.0252610442542,0.042612780907,-0.104917783507,0.132702320537,0.188388484479,1.0,0.0872820204662,0.287001724532,0.0775267099169,-0.139462422247,0.0168613978038,0.00427525664699,0.0312055864285,0.019769674833,-0.0547324734612,0.0455791070341,0.244495804039,0.0639347384088,0.0496357768828,-0.00665131371797,-0.0234928674497,-0.00624649799229,-0.00777747874879,-0.228036181903,0.279948141522,0.0347095300171,0.0162754786222,0.0561947145633,-0.00228367584372,-0.02348833184,0.283919672842,0.0711186216809,-0.134578353278,0.00355152437989,0.0381672204008,-0.00760431535415,-0.0167669156153,0.016612775915,-0.00961047780738,0.00897665447215,0.0594220620673,0.0511134580378,0.040787814225,-0.0456330239098,0.0226825558279,0.0820244293377,-0.00250149469557,-0.167478090654,-0.0603316573675,-0.0322381460957,0.00843253557257
FLIR,-0.00900823879067,-0.0343242193138,-0.0912278836566,0.020440713191,0.14452741166,-0.0448446538713,0.0238126256392,0.197841352259,0.0675263047328,-0.163194239574,0.0532013261721,0.0262185687208,-0.0264818184697,-0.0252260870002,-0.0939391971784,0.0157102946359,0.00472910912495,0.0432007479205,-0.026448958158,-0.0271722599467,0.139739194482,0.0872820204662,1.0,0.113114621064,-0.0373313842621,0.0403415442293,-0.0084183848205,-0.011958500026,-0.0716645407499,0.00669550988326,0.0895343865421,-0.0721573514122,0.0368405250817,-0.0306811982616,-0.0619449067123,0.0416422794546,0.00435515383373,0.031313757629,0.0557124237798,-0.0344877447791,0.00921173950563,0.00567429144331,0.0245162544512,-0.0713781001742,0.0455261516282,0.143662408488,0.143313456336,-0.0118604485661,-0.0146814582957,0.00560286373725,-0.0277250428806,0.107032338987,-0.0429118123591,-0.11969631499,-0.0577101310279,-0.0770254648778,-0.0904343816051,0.145019628166,-0.0307279950493,-0.0279043497438,0.0955149782241,-0.00749183524451,0.0276022257401,0.0198759457179,-0.0359145037762,0.0948001314028,-0.0166562174244
FLR,0.0119284646654,-0.0599086327792,0.0500695625692,0.0345444602132,-0.085460827638,-0.0936707597065,0.0120848181302,0.041140599505,-0.00808086643686,0.0917796119561,0.0851220428033,0.016361682442,0.0182732273906,0.0116229793267,0.0285312708876,0.00173231728133,-0.0828651255303,0.0252147051208,-0.147027882281,0.0794141494405,0.373085124631,0.287001724532,0.113114621064,1.0,0.0267449824247,-0.054505858446,0.0909814603047,0.0506723766912,0.0194902751672,0.0739568193352,0.000734656403701,0.126195001645,0.0658723473029,-0.12270439093,-0.0339862935385,-0.245791202645,-0.000620153576656,0.0203479723169,0.0813397722651,0.00581461611801,0.0116189717291,0.059847318936,-0.0478255147921,0.147432896498,0.0364772714131,-0.0483816682709,0.0758409489295,-0.0488799896858,0.0887925574863,-0.00374681799222,0.0326303303068,0.00460610689036,-0.00936276339136,-0.0594175470354,-0.0198772176932,0.10400444803,-0.000339599161589,-0.100530185376,-0.00979027454746,0.00498257958982,-0.0015983836311,-0.0621121338437,0.020769373589,0.11541899473,0.00505634224735,-0.012141213449,0.00614002370592
FLS,-0.0252729034001,-0.0776495387841,0.0455014951445,0.00417644130463,-0.0239047081709,0.532910198459,0.150311139236,0.00741799205007,-0.0152399083539,-0.0154255503496,0.13786897424,0.401185738571,-0.00270885970111,0.0437749567447,-0.00657234554501,0.0596950530795,-5.45573907945e-05,0.0225733971834,0.0116021476396,0.00937226100472,0.000832183975144,0.0775267099169,-0.0373313842621,0.0267449824247,1.0,0.00457859167828,0.0415160309933,0.0041381332045,-0.00542662766823,0.0044807057982,0.0107704047167,0.0126358294407,0.0281659790176,0.0264457605512,-0.0479661365268,-0.011304265444,-0.18636280535,0.0634499285932,-0.00884597260153,-0.0374322228627,0.000335208208254,0.0193877973825,-0.0274833396957,0.0394550368108,-0.0228011019002,-0.0217430900494,0.0862072602331,-0.0239841599084,-0.037924313836,-0.025254589242,0.0154533347379,0.0550671236167,0.0450859803315,-0.00828683442324,-0.0210130937619,0.0317243177987,0.00854097169368,-0.0273328958503,-0.00266554993704,0.00653279018768,0.0064183224387,-0.0172876417836,-0.0249129655301,-0.104109247181,0.00371211473102,-0.0411993571577,0.034298288445
GD,0.0267122916683,0.0371029418617,-0.0296844501579,-0.0415253642139,0.21363030034,0.0228192594329,0.00790625031344,0.00588024246442,0.017464409794,0.0084509893347,-0.0698005106546,-0.0753237085018,-0.0584940981717,-0.0329003597385,0.0427364692679,-0.0202766078898,-0.0599161102474,-0.131398244062,0.027604695225,0.0260007470983,0.0213161792914,-0.139462422247,0.0403415442293,-0.054505858446,0.00457859167828,1.0,0.0955831656806,0.159013487723,-0.0250812271892,-0.154219533891,0.00698957076651,0.132062953997,0.0123549465825,-0.0352753382099,-0.014724703008,0.0907133685571,-0.0382413581748,0.0629498273886,0.00103024242593,0.0993793306997,-0.169892983914,0.0406048310171,0.125867031596,-0.104214659855,0.00797131609072,0.108330634263,0.017307892677,0.0109380647989,-0.145132168263,0.0757106146884,0.0619107591945,-0.0753280384229,-0.0194831738371,-0.00239050887285,-0.0368166478227,0.102788817645,0.05149865331,-0.104513753417,-0.144796206889,0.0783196905868,0.14865965019,-0.0643897369564,0.00957926744155,0.0219710429201,0.0299787265928,0.0283881180601,-0.0323379793606
GE,-0.0229753627731,-0.00618467248574,0.124148426929,0.116824120128,-0.0600581727634,-0.0131794197318,-0.00177776058584,-0.00966107804964,0.0102620164797,0.00951956823409,-0.0269825561333,-0.165318147789,-0.0458145350766,-0.0864147859679,0.073020426017,-0.00960437277224,-0.373787153664,-0.000391899328347,0.0234944098932,-0.0180734989505,-0.00502177943239,0.0168613978038,-0.0084183848205,0.0909814603047,0.0415160309933,0.0955831656806,1.0,0.0371249224873,-0.000847488087168,-0.256788642493,-0.0336526615101,0.0353944348068,0.0366830924254,0.195069192472,0.0165223403284,0.0436645308838,0.0649475708546,0.0409152757682,0.00986017479328,0.00422784389003,-0.0431897225257,0.0202248116585,0.0554685254869,0.00312564269074,0.0157642694778,0.0043498019908,0.0885261533827,0.0140150517512,0.0840745812232,0.162485746504,-0.000491970909474,0.0867818279805,0.0539688196449,0.0533298235069,0.0463136935752,-0.0386453708338,-0.0477413965847,0.0314161466612,0.0520198596791,-0.0285474123266,-0.00873603361193,-0.248425034945,0.0371753605176,-0.0435569538438,-0.119643367576,0.00114224580724,0.0438847299768
GLW,-0.0628291152012,-0.0317685763954,-0.0530267226547,-0.0270592736215,0.130504461839,-0.0196372602573,0.0180280600173,-0.135500091179,-0.0186370812944,0.0242352069265,0.053526142638,0.013056931402,0.0157733670426,0.0128540802752,0.054697659377,-0.03184936475,-0.0405148778545,0.0908919340065,0.0486271827074,0.0257472330057,-0.0214124565111,0.00427525664699,-0.011958500026,0.0506723766912,0.0041381332045,0.159013487723,0.0371249224873,1.0,-0.0236787156954,0.0967691894443,0.0133983336139,-0.0156302602024,0.0774277487312,0.040464205997,0.0288086704463,-0.0305476959169,-0.000297797935515,0.131161518751,-0.0117526526756,-0.0596571272688,0.0727361613141,-0.068515319012,-0.107238925325,0.066616470635,0.034864070218,0.035149208094,0.0639982793735,-0.0723218716638,-0.32691765953,-0.00938362785067,-0.189445334775,0.0769773351015,0.0693442794862,0.0303972740197,0.0638975803637,0.0754787162139,0.0616455122345,-0.0295040705064,-0.0039209803277,-0.00694903957686,0.00448752381702,0.0438873096496,-0.0762709639816,-0.0434170163818,-0.110892300592,0.0331095028181,0.0682609818564
GWW,0.00656250978506,-0.0598894808765,0.0581023795911,-0.0287827070955,-0.0413873634837,0.0704485714244,0.0239664449387,-0.115800081185,-0.0101057126777,0.18523665062,0.019496830961,-0.156690960997,-0.0257734220901,0.00930172666858,0.0355874045412,0.0253155158483,-0.05691277298,-0.00241797070365,-0.00333835964513,-0.0200892442457,-0.0835773030753,0.0312055864285,-0.0716645407499,0.0194902751672,-0.00542662766823,-0.0250812271892,-0.000847488087168,-0.0236787156954,1.0,-0.0038904463544,-0.101223734023,-0.0297106687904,-0.0291747146333,-0.001297845626,-0.0611127858159,0.0563109824388,-0.0463615385192,0.0383335996207,0.0386877454725,-0.00386873601738,-0.0210657039197,-0.0754916294213,-0.0855739627345,0.237755477629,0.0124538618849,-0.0340973115634,0.0623639513267,-0.0307719485981,0.0297496942487,0.0803231652575,0.158067229697,-0.116315604582,0.034937355332,0.0280275486611,0.0504588334981,0.16830944841,0.318448750287,-0.146529813404,0.0369592379963,0.0470347013369,-0.0121401496122,0.0146353306452,0.00451168817212,0.0393786798322,0.00921595018738,-0.0328185241156,-0.0708794416569
HON,0.0202410309889,-0.0416355924484,0.050615688729,0.00500693943628,0.0216906507532,-0.0336225919696,0.010897553952,-0.0164925605438,0.264326833098,0.0321104310356,0.0814102024903,0.0164970920727,0.0404762735065,0.0890349980519,-0.181535503347,-0.0303205316977,0.190190026366,0.163829565243,-0.0245587316944,0.0142941427497,-0.0761426599247,0.019769674833,0.00669550988326,0.0739568193352,0.0044807057982,-0.154219533891,-0.256788642493,0.0967691894443,-0.0038904463544,1.0,0.0847972790308,-0.085118194882,0.110956806647,-0.0530879609862,-0.00959016781036,0.00744328243515,-0.00396997663372,-0.014573651896,-0.00108905469866,-0.10025183519,0.0611410730367,0.0564603547918,0.00744606289688,0.113224960853,-0.0915189303784,-0.00227195656847,-0.0493062559194,0.292767492976,0.050644985266,-0.0787974762021,-0.0318429273452,-0.0366786382778,-0.00652751130981,-0.0594800802301,0.0618059751449,-0.00281457526231,0.017906886827,-0.0148260323335,0.0106765755804,0.0479546230796,0.0469363891381,0.159356233072,0.00298384393947,0.0312895247207,-0.0410188474439,0.0365048485655,0.0822449839652
IR,0.00289528616245,0.123318644225,0.0313810288801,0.0342916085902,0.118803478373,0.0386991086703,-0.1285058206,-0.00233387811498,-0.0268801038116,0.00854231307915,0.00772943110489,0.0295284040781,-0.0015937128392,0.0809608330593,-0.0548398395203,0.0120506570599,0.0915729113262,0.00652796580262,-0.0957757885522,0.0410411743888,0.0915237397689,-0.0547324734612,0.0895343865421,0.000734656403701,0.0107704047167,0.00698957076651,-0.0336526615101,0.0133983336139,-0.101223734023,0.0847972790308,1.0,-0.12970806894,-0.147835153851,0.0336352379666,0.0213627335243,-0.0779326171052,0.0776738692597,0.141475218698,-0.0377882523022,-0.00797166210606,0.16106239272,-0.0939257719574,0.121354273034,-0.0239170502606,0.263122389007,0.075374620552,0.0187008873405,0.00756191184389,0.109250168849,0.139960995198,0.0121600480442,-0.0560715701981,-0.117472828585,0.0284466623377,0.0188253996721,0.000644407026231,-0.041228290861,0.02609866262,-0.0212070801883,-0.0177865221746,0.0117876972961,-0.110505245486,0.198106249877,-0.139959420588,0.0426615562349,0.0344301943307,0.0160357795542
IRM,0.0532626043281,-0.007186643163,0.0590053526379,0.0348544530076,0.0308559091808,-0.00565700611459,0.00384254224699,-0.0125440949969,-0.0587435303722,0.0940249713415,0.0115025817282,0.0162297355843,0.0131789021032,-0.27434511357,0.0357268659332,-0.0332343177013,-0.13217650227,-0.0724196351443,0.02422674408,0.00923542424353,0.0136014352025,0.0455791070341,-0.0721573514122,0.126195001645,0.0126358294407,0.132062953997,0.0353944348068,-0.0156302602024,-0.0297106687904,-0.085118194882,-0.12970806894,1.0,-0.0544702941574,0.12401554278,0.0777691750504,0.0858272939755,-0.00782544956944,0.0137452444219,0.0495738525413,-0.00685411434518,0.0442486703346,-0.0734939352749,0.000438063915289,-0.0123592546872,-0.0280721986869,-0.127338517915,-0.0106585438034,0.0305252421949,0.00267771538158,0.139985748613,0.00439104862555,0.0081927287203,0.015175589011,0.181222811646,0.0339907537167,-0.0610144177957,-0.00413546615136,0.099689339935,0.0467345613194,0.0362358464401,0.0268422774899,-0.141671909951,-0.0186580507576,0.0208972259638,0.0242025883932,-0.0614395096981,-0.0321526901506
ITW,-0.0456492797376,0.00340379107646,-0.0458937393754,0.0611756601712,-0.0270908917287,0.0236544108682,-0.0617088583364,-0.0115637265111,0.0100291695036,0.0325167811093,0.106762470793,0.0348506097767,0.0613806446835,-0.33520749417,-0.0124004897473,-0.00448710245682,0.0149495986817,0.119137816254,0.0516880493257,0.0480404006549,-0.0445484940182,0.244495804039,0.0368405250817,0.0658723473029,0.0281659790176,0.0123549465825,0.0366830924254,0.0774277487312,-0.0291747146333,0.110956806647,-0.147835153851,-0.0544702941574,1.0,0.0190277695213,-0.0297071036431,0.0650146983553,0.010622648751,0.0230451763489,-0.0603558318028,-0.0834802199205,0.0025202871207,0.0579838269983,0.0108557366592,0.00682706830695,0.200878598271,-0.0116131040822,0.0875619977388,-0.0173280152017,0.0517786795512,-0.0391626648311,0.0681512302352,0.0550356839371,-0.00184710131891,-0.0934223119219,0.0699483754132,0.030565725598,0.0223709036509,0.0198441084044,0.101233654999,-0.0267622746483,0.0966492754305,0.268853346958,0.0121627360195,0.16622489499,-0.0198709125935,7.1433088699e-05,0.0914347029277
JBHT,0.0103397951424,-0.00358653860921,-0.0149989008555,-0.00435497805678,-0.0222333032016,0.0180618654015,0.0600532998788,-0.0383289911947,0.00613055484363,0.142698301636,0.0417310028548,0.00262501998968,-0.000469816390455,-0.0614242096724,-0.0185847346872,0.0457254045033,0.11911004747,-0.0691400731309,0.0912975699827,0.0273714347148,-0.106816256863,0.0639347384088,-0.0306811982616,-0.12270439093,0.0264457605512,-0.0352753382099,0.195069192472,0.040464205997,-0.001297845626,-0.0530879609862,0.0336352379666,0.12401554278,0.0190277695213,1.0,-0.0581677259895,0.019027197075,0.194595403189,-0.0271294060586,-0.0961020629611,-0.101304268071,0.187479489264,-0.0327701200809,-0.0454673649212,-0.0227519159206,0.021486876636,0.0311804692019,-0.0443441276671,0.0318615071573,-0.00827164477491,0.0487931726329,0.00859263516297,0.0560970464543,0.12291824228,-0.0157766087411,-0.0562765612639,-0.123334390354,0.037467170958,0.0205580162221,-0.0613054926391,-0.0181150877216,-0.136477005339,-0.0533077230918,0.0271436619564,-0.0920830039553,-0.0280574298171,-0.0424933507115,0.00758525004363
JEC,-0.00283318053728,0.00138430162939,-0.0518415554059,0.047919489424,-0.00630047379965,-0.0225804977244,0.132792609862,0.00386853266619,0.0441318348755,-0.0138672724029,0.0511689544663,-0.0760755949048,-0.0176794523823,-0.0614140069915,0.0133191568322,0.0377642786992,-0.115844873153,-0.0535835705147,-0.0306604713453,0.0372767233189,-0.0520797611306,0.0496357768828,-0.0619449067123,-0.0339862935385,-0.0479661365268,-0.014724703008,0.0165223403284,0.0288086704463,-0.0611127858159,-0.00959016781036,0.0213627335243,0.0777691750504,-0.0297071036431,-0.0581677259895,1.0,0.254354824437,-0.0198149969525,-0.0233950012052,0.00379783662212,-0.0160702739612,0.232016779406,0.0154282778175,0.0486574443327,-0.0209033801207,-0.0197684744584,-0.0359718826469,-0.0854225086195,-0.0788987824211,0.00162183199696,-0.00957364132755,0.133554689406,-0.00970330907617,0.0434097973421,-0.0132968151722,-0.0294419816378,-0.0338050903635,-0.161621946438,0.0145231865419,-0.0188555329588,0.00363798977515,-0.127621587761,0.0136929258394,0.000276171971724,-0.0379208628749,0.0429161257822,0.101940754721,-0.00114408283442
KSU,0.0108747524662,0.100121309892,0.0680185913237,-0.00593339139558,-0.066347430843,0.0152950662837,-0.0443065072989,-0.111521292799,0.0373267732947,-0.0440560071262,0.0322302155238,-0.0417461572609,0.00487980685679,-0.124445076732,-0.0479732892021,-0.0171584861352,0.0351412883605,-0.0089340612069,0.00293862047404,0.0312403959708,0.0103419378697,-0.00665131371797,0.0416422794546,-0.245791202645,-0.011304265444,0.0907133685571,0.0436645308838,-0.0305476959169,0.0563109824388,0.00744328243515,-0.0779326171052,0.0858272939755,0.0650146983553,0.019027197075,0.254354824437,1.0,-0.0157747514715,0.113939206051,-0.00337514719605,0.0258454417964,-0.0373868400393,-0.0509936688884,0.0887259042412,-0.0239589520297,0.136092651635,-0.0324009752322,-0.029791486538,0.126669339407,0.0928689369236,-0.0276575524272,0.0205107801835,0.0526319081576,0.0106200916818,0.00546121587382,0.0245084506807,-0.121911601724,-0.0116882413052,-0.0212371655833,0.0389800660567,-0.0040247895805,-0.00958435663888,0.00502274388669,0.0153348305801,-0.0468106182205,0.0030747331597,0.123460659563,-0.289956406699
